36.0736 12.2192
21.0000 9.0000
-18.13464352 -6.68470580
-18.15371169 -5.12668033
-18.17835802 -3.56603353
-18.20866564 -2.00231587
-18.24471615 -0.43508891
-18.28658966 1.13607513
-18.33436465 2.71159392
-18.38811793 4.29187542
-18.44792462 5.87731817
-16.27417114 -6.57241431
-16.29404163 -5.01877377
-16.31937960 -3.46262435
-16.35026717 -1.90351068
-16.38678498 -0.34098871
-16.42901208 1.22537479
-16.47702589 2.79600272
-16.53090217 4.37130803
-16.59071492 5.95169413
-14.42228827 -6.47177953
-14.44299246 -4.92243938
-14.46905083 -3.37070278
-14.50054453 -1.81610856
-14.53755320 -0.25820708
-14.58015484 1.30344028
-14.62842584 2.86926153
-14.68244086 4.43967465
-14.74227280 6.01508782
-12.57855149 -6.38280280
-12.60011742 -4.83767220
-12.62692161 -3.29025755
-12.65904426 -1.74009191
-12.69656399 -0.18672014
-12.73955779 1.37030168
-12.78810096 2.93140671
-12.84226709 4.49701784
-12.90212798 6.06754798
-10.74250777 -6.30548264
-10.76496011 -4.76446445
-10.79253219 -3.22127458
-10.82530323 -1.67544041
-10.86335084 -0.12650133
-10.90675099 1.42599185
-10.95557793 2.98247729
-11.00990416 4.54338284
-11.06980036 6.10912602
-8.91369420 -6.23981486
-8.93705423 -4.70280564
-8.96541284 -3.16373712
-8.99884828 -1.62213105
-9.03743719 -0.07752141
-9.08125448 1.47054619
-9.13037335 3.02251496
-9.18486521 4.57881743
-9.24479965 6.13987585
-7.09163762 -6.18579262
-7.11592320 -4.65268267
-7.14508355 -3.11762583
-7.17919599 -1.58013828
-7.21833614 -0.03974862
-7.26257789 1.50400265
-7.31199339 3.05156370
-7.36665297 4.60337179
-7.42662512 6.15985375
-5.27585432 -6.14340659
-5.30107986 -4.61407998
-5.33105373 -3.08291894
-5.36585228 -1.54943412
-5.40555014 -0.01314884
-5.45022021 1.52640148
-5.49993356 3.06966990
-5.55475945 4.61709835
-5.61476528 6.16911819
-3.46584973 -6.11264505
-3.49202619 -4.58697966
-3.52282185 -3.05959236
-3.55831214 -1.52998836
-3.59857071 0.00231426
-3.64366943 1.53778510
-3.69367834 3.07688202
-3.74866563 4.62005161
-3.80869760 6.16772965
-1.66113930 -6.09348986
-1.68826640 -4.57135895
-1.71988286 -3.04761838
-1.75606297 -1.52176799
-1.79687923 0.00667926
-1.84240235 1.53819790
-1.89270093 3.07325046
-1.94784117 4.61228791
-2.00788819 6.15575041
0.13871424 -6.08590225
0.11064295 -4.56717485
0.07821538 -3.04695009
0.04135822 -1.52472251
-0.00000000 0.00000000
-0.04592891 1.52769686
-0.09649625 3.05883529
-0.15176786 4.59387091
-0.21180764 6.13324814
1.93423487 -6.08984827
1.90522469 -4.57438744
1.87199369 -3.05754154
1.83446955 -1.53879987
1.79258180 -0.01766529
1.74626187 1.50634641
1.69544312 3.03370710
1.64006084 4.56487677
1.58005230 6.10030410
3.72596669 -6.10529373
3.69602650 -4.59295736
3.66200339 -3.07934822
3.62382596 -1.56395043
3.58142474 -0.04626188
3.53473222 1.47420639
3.48368281 2.99793079
3.42821295 4.52537569
3.36826104 6.05699393
5.51446618 -6.13220321
5.48360850 -4.62284409
5.44880819 -3.11232453
5.40999480 -1.60012353
5.36709983 -0.08573407
5.32005679 1.43133750
5.26880117 2.95157207
5.21327048 4.47543830
5.15340429 6.00339318
7.30030257 -6.17054034
7.26854350 -4.66400621
7.23298456 -3.15642403
7.19355619 -1.64726774
7.15019084 -0.13602548
7.10282304 1.37780104
7.05138930 2.89469712
6.99582826 4.41513570
6.93608057 5.93957779
9.08405810 -6.22026807
9.05141739 -4.71640168
9.01512202 -3.21159974
8.97510330 -1.70533117
8.93129463 -0.19707933
8.88363150 1.31365862
8.83205147 2.82737240
8.77649422 4.34453910
8.71690154 5.86562376
10.86632843 -6.28134893
10.83282946 -4.77998815
10.79582351 -3.27780444
10.75524274 -1.77426177
10.71102147 -0.26883879
10.66309614 1.23897189
10.61140532 2.74966427
10.55588975 4.26371959
10.49649230 5.78160685
12.64772294 -6.35374539
12.61339271 -4.85472326
12.57570568 -3.35499098
12.53459483 -1.85400765
12.48999537 -0.35124722
12.44184467 1.15380214
12.39008229 2.66163869
12.33465000 4.17274775
12.27549174 5.68760221
14.42886506 -6.43742017
14.39373422 -4.94056498
14.35539926 -3.44311262
14.31379397 -1.94451737
14.26885442 -0.44424857
14.22051888 1.05821002
14.16872789 2.56336087
14.11342422 4.07169332
14.05455286 5.58368410
16.21039263 -6.53233655
16.17449544 -5.03747192
16.13554936 -3.54212336
16.09348895 -2.04574035
16.04825109 -0.54778770
15.99977497 0.95225519
15.94800203 2.45489495
15.89287605 3.96062487
15.83434306 5.46992550
17.99295823 -6.63845877
17.95633260 -5.14540374
17.91681585 -3.65197830
17.87434330 -2.15762721
17.82885262 -0.66181077
17.78028386 0.83599592
17.72857938 2.33630357
17.67368391 3.83960943
17.61554450 5.34639775
